6647
0 187
187 6178
6178 4358
6178 2658
187 4086
187 4213
4358 6279
2658 1082
187 4367
4086 5404
4358 1077
4358 5700
6178 3107
3107 2230
4367 2491
2491 681
2230 2773
2773 3252
187 2264
1077 3814
1082 1849
3252 4900
1077 3636
2773 4904
2491 1981
1077 1653
187 3967
187 3732
6279 2648
1849 3038
681 5702
1849 3631
1077 2885
1653 2029
4213 6643
0 2733
4367 1765
2491 5644
5700 2972
5702 941
2491 6000
2885 1387
2491 823
6279 2340
3107 1061
0 692
2648 620
2230 2506
2658 4250
6643 3997
2972 1861
1849 1466
1653 396
3732 6180
1387 982
823 6258
6180 5872
1077 6612
982 1065
5702 4351
6643 2219
4213 506
823 5800
620 1103
396 2359
1849 4168
1077 1664
187 4170
681 5510
681 1883
4358 4616
1765 2503
6258 6010
1466 4943
3252 6600
4358 3586
3967 3887
4358 5880
3631 4635
1653 3856
692 3125
3887 1389
187 4311
2503 946
187 2150
1061 1075
2506 5886
3252 5751
2029 75
2503 260
6643 5815
5800 4564
5700 4656
4213 699
1849 826
1082 4284
681 2464
6010 3133
681 2106
5700 4806
6279 6462
620 599
620 5616
4086 1828
5404 3539
2150 4144
5880 71
396 4105
1387 605
6643 908
2106 6534
1466 487
5700 256
4616 502
1849 4172
982 2694
4168 5898
3107 57
6462 1183
2029 6267
3107 2761
3038 4539
4900 5646
1077 4518
2503 2532
2506 5883
3997 5671
4616 5439
5872 6434
5751 4537
5872 6086
2230 178
57 4629
5644 6584
4806 3480
4105 1112
1065 5248
2885 1420
699 2044
2464 331
487 5337
1883 19
3636 476
4656 953
3967 3590
3732 2336
1664 5826
487 6516
4518 5970
2503 816
2230 1146
4172 2920
2532 1607
1883 4277
6584 4428
4277 968
6267 4180
2532 2217
1765 2970
5872 1142
620 5477
5439 365
1765 2931
953 5637
4616 2734
2532 1384
5646 3066
605 6222
3133 4141
3856 1530
4367 6617
941 6077
260 6232
1420 1833
2734 302
823 3431
5700 2068
3252 3552
365 2090
1142 4338
1420 3981
178 3855
6180 5544
4141 1897
57 3922
57 1308
2219 3342
256 2659
3967 2995
4311 5603
1765 6301
2773 4494
3855 1829
3552 845
1065 1887
4616 2345
2532 1538
2761 3651
2029 2707
5700 5085
487 1285
4656 3407
826 191
3066 67
2773 5930
4338 4888
2707 5666
2658 1949
5404 6619
4358 2853
2029 609
946 5556
2972 522
2491 6310
6643 1956
2659 3049
2761 3274
4888 654
6180 1581
3590 4309
6434 3694
187 5211
1285 3211
3981 3185
191 3130
816 5863
1387 1220
5671 4385
5815 5078
3539 6611
5248 4372
2931 5806
6619 1555
2995 3475
2029 4287
2217 4628
1142 327
3066 5100
4518 1399
4309 2273
6612 2684
5100 5855
3981 2020
692 77
3049 3947
1581 4632
5646 2537
6086 5102
1146 3396
331 1709
2506 1423
6279 1705
6178 3438
3274 1859
260 4805
476 1137
1887 5890
4367 3427
3732 384
946 883
1146 2477
3125 1932
620 1644
5556 2474
1137 3502
4385 4775
1466 1494
2659 5475
5078 2045
2537 5522
5510 5107
1530 3451
5603 3545
3252 153
3981 4818
5404 114
1285 6305
5855 2328
5085 2225
2773 2338
5107 4455
1075 5969
3586 4011
5815 3154
5556 5193
1075 2627
2885 4062
4011 4205
1183 507
941 2872
476 2614
2684 3536
1423 5007
1607 3736
2773 5195
6267 332
3438 865
3252 1398
4011 5793
1399 4357
3407 2203
3694 5093
3981 3563
5102 6156
4351 1935
4170 4688
3125 2112
953 6098
5637 6447
2761 5983
332 4268
1389 449
3981 2215
5477 1587
2230 59
1555 514
968 5124
2773 1803
0 3902
5883 3025
5880 3190
1932 2732
3967 3946
6434 4241
6643 4374
1849 6199
2215 5075
365 4502
605 4986
5404 567
5637 1847
1494 3953
487 878
654 3114
1607 3730
502 512
2340 4947
5100 4729
2336 3672
4539 4670
1883 4166
5646 2965
5603 6284
878 1928
3114 5834
1538 2284
2273 5461
2732 516
6584 5759
6600 1265
3211 323
1607 3763
2885 4500
1833 6209
3125 4021
3636 658
1932 3932
2219 5267
1075 5058
3154 4667
3590 2756
4358 4313
4250 2607
4166 1742
5800 4007
512 1577
2359 6097
6611 4591
4986 4107
3552 6468
2965 1979
4338 5967
1765 4555
4904 6466
2537 4024
6643 5357
2044 1317
4311 2568
2112 4258
2112 4348
4374 6152
3130 563
75 4873
5751 4543
1220 4567
6178 4608
2684 2834
77 203
2230 3170
4943 4184
5880 2198
1928 3234
2284 3307
4947 4414
6232 1721
5890 1204
1204 3405
3732 4260
2219 1241
4260 6214
4564 3213
1829 3486
1859 515
5357 3459
476 157
4455 3970
1861 5678
4107 6622
1285 4480
5826 1619
6466 6141
1803 2388
6097 3980
4311 1320
6466 3944
6141 3070
2773 252
506 2178
1847 1450
6098 2346
1466 2540
1241 6609
4567 4257
302 3711
6267 6518
1308 935
5522 4274
3475 4810
2090 4636
1204 5718
3396 4637
2965 1452
1765 737
3563 1630
507 2596
4287 3561
4357 91
5671 286
5477 5918
2648 4390
4428 1991
4810 4932
5007 3818
1829 3518
4567 2387
91 4090
1979 4883
2648 6412
3170 5199
3451 6349
2359 3302
5872 3715
3944 6208
3066 2723
5644 238
6534 387
2474 3754
487 1339
3814 6043
4932 3986
2756 3557
5510 5368
1077 3151
4608 2489
2359 3347
19 2917
3561 5961
4250 1845
2834 2624
2596 6130
2537 5773
1423 4745
4543 6243
2198 2826
4543 2159
609 4955
5646 3849
1932 4116
4414 5923
2219 3395
4729 5041
2219 1124
3636 3424
1847 3956
982 5192
6258 838
1828 1493
4260 4663
59 2512
6301 6460
4011 3313
365 2077
3427 3035
5192 4192
4107 80
1803 5281
4805 3843
826 4167
6622 2515
1220 5833
6349 3759
6516 869
692 4471
1577 3985
4873 948
5337 1952
5439 5389
3431 1852
4260 2983
4986 6370
4062 1053
5969 5575
2624 1694
2150 16
2273 1346
3154 791
2885 592
1053 3277
6617 891
1765 2228
59 4757
1420 4763
4745 4568
0 2806
19 2339
5461 6155
203 4113
4313 6565
5678 445
77 5421
1852 5391
4888 4281
3636 5482
5102 652
946 2765
3944 1138
4663 6057
6156 304
1423 1069
6622 6467
4260 6285
2627 5549
609 5992
4629 3740
6285 2622
4274 268
2648 3844
2203 3965
5678 3076
6460 6004
2596 2534
2733 2651
5107 2921
2885 959
567 1671
1398 5127
19 3605
658 3559
4348 4015
1142 5286
1803 1051
4116 3024
2345 5631
445 1798
323 3593
3672 4017
2336 6128
6199 5231
4105 1547
4090 6012
2970 2567
5100 4598
4943 5642
4663 2023
2477 3802
3536 6306
4166 6618
5421 8
6284 1029
4636 3380
3545 21
816 6142
5642 5051
4667 4210
4888 4450
4358 6572
5286 2054
3763 1682
4818 4054
5759 6028
260 5139
982 1571
823 4893
5139 4529
1053 5491
699 1042
3672 4760
4428 3388
8 6604
4338 5968
3190 669
1494 2927
5759 667
331 6451
6305 1794
6412 1745
331 2413
692 3051
4258 3940
2338 4008
3213 2480
4818 5847
1423 3895
3035 5589
4480 5591
1124 728
2219 5733
959 5314
652 2817
3051 6009
3981 4425
4628 627
5970 5120
4663 5744
3035 6337
4313 4824
2921 1561
6609 3556
3107 1953
669 4895
1979 1512
4011 5657
2872 394
816 2478
3388 1726
4428 674
1935 6235
4107 3676
2023 5719
2817 2845
4763 1091
4358 1697
3190 3794
1339 4124
6617 1461
4311 1626
5107 4848
6604 4083
4338 914
2694 1043
21 5975
1949 4437
2607 3197
2474 2697
5800 204
3887 5670
4568 3897
1979 630
3038 6425
2225 3346
2707 467
6370 2072
2927 2157
1794 3541
6518 5427
3965 5765
3541 4208
80 6270
1682 650
5389 4395
1423 3379
5591 5527
5644 6137
6468 1747
6518 2939
2939 5566
6243 1775
3967 2776
908 2378
3932 6294
4629 3465
2965 3811
3502 3871
869 4451
3676 6361
365 6364
4107 468
6243 4764
6618 6253
21 4739
3213 4733
3902 4244
323 4726
5800 1375
5847 5701
652 1301
1061 3159
2995 1536
1265 1860
191 967
3024 1356
1538 4317
178 2173
5666 3391
4385 5689
6057 6171
3694 5105
5983 918
1571 441
2054 4657
6337 4865
1112 2401
4351 2463
2054 3010
6370 4531
3895 2757
5883 4337
5527 2008
6447 1206
2627 1902
2733 173
5637 163
1952 6003
387 4712
3277 4004
891 3579
6425 3959
2008 5597
1587 1779
2624 5422
5391 6394
1053 3669
5041 3937
2622 3950
4932 1235
2872 4869
5007 1830
2834 5613
2540 787
1146 4721
5637 6639
3946 3632
4763 269
6043 1135
1587 3868
3518 5735
5085 6400
6604 5355
6270 3355
4311 418
845 6138
6425 2156
3730 6539
2336 2802
4865 2386
3844 6606
5718 4885
2885 2984
71 565
5670 1929
2537 5067
891 5570
5337 6041
4274 6583
4760 408
2927 5554
6364 6544
667 799
3730 2958
204 3553
2802 2706
5107 6621
4428 4052
5613 6240
1530 1326
3556 5761
968 3907
787 5165
6544 2199
2474 1922
6012 4219
3754 5607
3844 530
5898 4685
4116 1841
522 5155
2489 1973
5666 2904
5898 1298
4518 957
6208 2832
1043 6236
5355 2423
4374 1513
3114 3374
3557 634
5155 5669
2939 1463
1922 3723
1513 3426
1298 5908
327 863
1512 795
627 740
4260 5469
4733 4483
2072 2163
4483 5621
178 1210
1644 279
1075 3232
4531 6499
2328 5119
3024 4899
5589 6374
2958 4534
5119 3272
1138 325
4208 632
304 1772
3669 1874
4213 6213
3557 4089
5469 2085
918 2535
1183 5711
4358 5256
268 6291
799 2243
3107 544
799 1386
5968 2331
5556 414
2217 225
941 4558
91 6320
6003 5695
3536 1119
2596 4506
1326 6052
1423 5141
5427 4827
4943 4081
445 2282
4007 4669
1828 4977
3843 4283
304 4369
8 4485
1765 4047
1142 887
4166 183
2697 1248
4047 5693
1852 3015
1860 2221
5281 2048
4166 6063
4167 1489
302 3113
620 5184
4943 4270
4168 3820
6284 5737
3070 2094
5751 2870
3843 2655
891 5437
4017 1465
5968 2065
567 6623
6364 443
5527 6327
544 4624
5427 2553
5554 2667
5961 2510
5527 803
4564 5087
6152 5876
5124 1177
5876 1173
4213 2635
2230 877
2077 579
1298 1125
1682 2050
3590 5959
3590 2619
6434 2370
4480 2526
2023 4493
3010 5808
3950 5721
2159 290
3274 588
968 1926
5646 3987
3922 5629
4369 5858
5477 2352
1091 81
4739 3042
1137 1290
3552 5109
5286 1754
1697 4785
5761 750
4007 1974
1607 453
4688 5014
4455 2010
838 4016
1177 6328
507 5792
1653 6231
1561 3635
4113 1891
5616 1968
941 340
6285 4936
6243 5156
5751 5092
5092 5766
1626 6593
3723 6603
2339 5138
2972 2256
3427 2953
2614 3670
5439 872
3553 2900
5968 5442
4899 224
4219 5213
588 2728
4270 4355
5107 6044
3475 403
3426 5113
6400 682
6270 662
1891 2606
4947 6117
3307 618
16 3532
2477 4424
1339 5382
3669 5279
5863 2696
3170 2605
4011 5653
5657 3764
4086 6275
5368 5296
4270 3504
1465 6312
3730 6352
3151 2647
4192 22
77 896
4213 6546
2761 2187
302 5474
2647 5913
4506 5436
4241 5896
2684 5088
2352 5114
5918 171
3038 5509
3902 3709
4900 1271
279 5402
658 4797
5402 6580
1956 4174
630 3921
2225 980
4024 4711
396 5673
1555 1094
3133 3468
1183 6157
3694 2625
4016 999
4414 2482
4213 5304
2651 2443
4451 6335
5041 1172
1874 1545
2094 5716
5815 422
6643 90
3922 1151
0 3444
5544 3226
5678 4288
3130 3423
6208 1080
5155 2096
6603 2052
3130 687
3561 840
2568 3164
840 3686
6305 2979
3944 5146
1829 2117
394 6313
5087 56
394 1045
1953 2126
750 3149
4385 1640
799 1755
4636 2108
2117 3256
1973 5420
5007 5472
5975 583
3213 1553
1830 4133
5700 961
2917 1815
77 5417
6612 1405
5702 4720
3272 4185
1173 3157
2338 2638
403 1297
5491 1780
3559 3203
3234 4666
1847 5915
1346 5245
3107 2896
4244 2985
2198 5627
2921 4615
5992 4265
187 1236
3374 4159
4567 4521
4016 3696
6622 147
2050 6332
2243 4189
3070 4747
918 4592
3541 2857
3740 4846
6041 3910
588 4319
3451 2551
3932 3202
2761 5227
6214 5445
6617 1641
3590 6239
5402 3402
4185 195
3468 5282
5477 902
1640 6062
5695 1098
2896 6485
4895 3101
5806 2890
1607 303
1098 6259
1043 6378
2503 1360
6041 5362
6003 3476
3424 1336
1829 769
3541 6074
2340 6309
2853 4255
5088 5972
1545 4949
5646 532
1210 4025
3921 2447
667 864
5718 5577
2853 1145
5759 2434
4543 1710
4616 3725
2826 3195
6434 4868
5436 6283
532 4681
902 6048
3740 5541
2482 5322
5286 538
4949 598
3868 5034
4764 5312
5967 5511
5880 3363
1177 1148
4414 2504
507 2119
3561 1667
1555 748
4244 1872
1405 6026
6275 2586
4284 4600
3164 2779
2388 4435
3164 5528
57 49
1065 3546
2658 2433
2203 6092
3559 1323
2187 6465
22 3999
2734 4759
1561 6398
4608 5254
304 4139
2339 6636
6306 603
67 2547
2482 1905
2972 2969
1747 5388
3066 642
256 1104
2215 78
5469 2364
5806 35
1694 2390
5631 1741
5474 5463
5312 4704
3374 5302
1949 3263
6434 508
515 4294
1755 3199
2921 1481
5067 160
3263 366
6332 2613
3380 949
4824 2789
2346 1001
2273 1157
2596 668
2832 6127
2156 2312
1981 2727
5549 4218
5491 591
3051 1720
4208 3312
56 6268
5437 320
252 894
2230 1430
1755 1012
3170 6509
4632 3376
4277 3267
5314 461
803 3654
1452 125
878 5492
699 6442
4868 5906
5420 2521
3234 2186
5156 2811
5124 5152
3302 1041
5302 3942
5872 5265
598 5754
5152 45
603 3931
6313 606
816 3992
3234 1079
4016 4448
5439 4381
5113 2869
1932 1925
4180 4973
5621 5634
394 3698
3038 3016
5669 380
3635 4918
2477 4400
4893 6120
1157 1744
6621 4858
260 3394
6208 3689
999 6490
2225 3497
5689 1686
4685 25
2150 5148
5544 3445
4471 3719
5461 5995
507 1295
583 2410
4628 5395
2387 6564
4144 4389
6152 3805
2065 1894
4451 727
5282 6334
71 270
3157 2392
3195 2385
6222 1773
183 150
2832 3621
5669 5600
1849 4243
1145 3410
1780 3685
3561 4267
682 4832
507 4445
2433 1118
5886 2714
4868 5028
2537 3769
6092 5934
4424 4300
2159 220
4688 1675
2958 943
5528 3087
1935 3428
5908 305
4395 3179
5863 3461
3445 1402
872 6014
1641 392
5304 3295
3730 5897
6462 420
803 6376
4628 5977
1675 2235
57 5845
4141 1578
5600 6185
1481 4342
6152 5049
1336 1171
3959 1584
2551 1425
6564 5726
6328 5036
667 1371
5872 1153
1295 5175
6516 898
516 5853
6012 5158
3518 4375
1241 6461
6462 4823
1512 1114
4977 2837
3563 3165
2953 2371
3940 3517
3950 1307
3374 4377
4255 6007
3868 4528
3910 6377
4219 5266
4810 3192
6539 2724
1320 2332
2613 1445
4116 3513
5051 4791
3740 200
1667 1583
3552 2032
3402 1997
1145 5390
3302 3682
3696 2002
1043 1620
78 5574
6603 781
1640 4278
887 2109
3897 4458
1577 372
2029 3577
1317 1096
5671 3587
6593 5369
5368 5819
5670 1651
5972 4106
147 3675
4265 2285
1928 465
3252 3656
6048 581
5600 5674
877 311
1640 2583
5075 2819
5286 4475
153 4022
6180 3653
4265 4143
3682 4519
1620 245
3015 726
5897 1472
3794 546
1754 6299
6398 292
2106 3419
5969 801
5296 1009
4277 1258
2159 2197
6028 4594
6361 6024
5362 1435
5114 1431
2388 4397
4351 5899
4810 2210
461 5707
2072 2602
3709 6019
2387 3629
3302 5060
3987 1838
3629 2498
507 4303
3672 438
4267 4826
3922 4404
5719 2280
872 2074
81 3604
1142 6241
4213 3430
1671 4743
2338 5039
270 1944
579 1078
2023 4304
5231 4429
3981 6071
3431 2805
4311 4478
6019 4187
4624 317
3653 1500
5896 2787
3561 5136
6320 3007
4502 5976
5969 4794
2504 2146
508 1853
1997 6586
6619 5714
4288 433
5653 1509
5192 4306
6097 3332
5574 1628
2045 6195
5245 4161
1968 3879
2387 206
384 733
6259 3161
3405 2158
3711 2342
630 995
4025 1480
6400 5360
1384 919
2235 4784
5477 5324
5445 4975
2225 6224
3855 4751
3518 850
1553 2098
25 1081
2970 1882
6611 5743
438 4031
45 367
2068 4146
1968 3648
816 1655
2696 2572
652 2290
4685 362
5872 2148
4955 5932
4483 2277
5395 2353
5245 4607
3423 5083
4846 3460
6306 3846
4062 4476
502 11
2282 4587
1096 293
6606 5907
1323 2069
6299 5064
546 4439
5404 3776
5967 736
1640 5676
4476 2557
153 1264
1794 1369
1399 6345
5631 1352
6337 209
1742 1985
4021 444
3577 4604
3430 800
579 5180
4537 5259
4250 1759
5314 455
303 6396
2108 1723
5719 4911
153 4239
5522 1392
4284 6183
4300 6233
71 6280
2638 3503
1742 1181
2567 4320
3669 1550
4869 780
2537 2365
206 5387
2900 1769
1512 5955
6071 6530
3997 1251
654 647
5673 5096
3277 1544
3986 2513
1210 1525
1177 2833
209 2683
4534 672
5754 3726
4458 5401
1803 6551
4539 5086
5883 509
2733 6198
2513 2670
6000 132
476 2254
2605 2227
6400 4590
5718 6473
699 1503
2512 1831
630 1821
1210 1024
682 5633
3730 1718
204 4293
3154 3731
1320 5986
4888 3279
4568 1565
6312 5300
4729 5699
2513 3146
2284 5334
1145 5912
2433 4859
6593 5242
1583 3139
3502 2201
4184 2155
2020 4142
5597 2855
6643 2288
1183 399
6155 1284
5721 5665
3066 1161
606 4193
4424 210
6052 3142
4764 3291
1041 6036
5932 358
650 4514
4564 5003
183 4339
3114 582
4358 3613
1821 39
3424 4825
902 5568
3302 5867
1829 3399
206 4276
5972 5884
2119 5539
5754 4353
4502 2320
5028 1816
5761 6367
2872 3757
5743 5221
6400 5962
982 4087
1177 5810
4636 354
6516 5490
2489 5020
3814 5371
2477 185
1620 5816
311 4125
5049 3973
1320 4603
3946 2558
3518 942
2727 4491
5544 3964
5733 3830
2635 2709
787 3925
5665 2589
6473 6162
1204 5903
5281 1942
1493 3908
5014 3464
6396 4044
1317 1491
1981 4778
4720 1255
1887 1669
3709 5190
3146 3911
2068 5128
5721 233
803 1309
5765 3697
1135 1911
522 1737
5279 353
6127 1992
4637 984
3711 2086
5806 319
1973 5813
178 4474
530 159
6208 5611
3025 1764
4372 3674
1720 3337
4670 950
898 5595
6171 5606
220 2942
1171 98
5086 5940
1181 5736
3849 4130
6231 2411
1096 2630
1651 3043
147 4132
2290 5625
579 4119
414 3742
4244 6353
2709 1704
2789 2213
5716 6548
3428 4165
982 3750
1051 2799
366 1892
3709 5608
4439 142
5676 6355
781 1563
5402 2844
2413 1254
726 5623
6213 1282
5020 4965
823 1785
132 3439
4832 2374
3161 4890
1082 2399
6534 352
2225 1612
5589 1084
5761 2991
1290 5924
327 3397
1581 4336
3694 1013
1387 3026
1860 2507
6283 5197
2969 232
305 3581
1628 2003
1587 402
6117 2137
2927 2556
1078 1750
2199 2089
354 2324
2958 3257
2558 2021
5676 4913
4518 2952
2199 5464
6141 1433
372 4140
603 1993
2586 6173
1061 3869
2727 4876
1744 1469
2952 2470
2332 65
1386 58
4385 4464
4119 2192
3277 3795
1779 2502
5445 723
4113 5223
3757 1007
3631 4945
3179 6407
3985 2620
22 4686
3999 52
3980 1473
1628 2882
4193 4777
3536 5150
6465 483
2197 2541
11 1727
5390 1623
865 3017
6636 6395
5570 1551
57 5303
4657 731
2032 3982
5611 1191
3629 3829
91 3768
6014 3906
5389 2948
3545 491
1726 741
2187 2188
5254 3791
2119 6020
2280 2880
4686 2306
3142 2564
567 1437
1309 2994
2387 710
3950 2232
2513 6528
2683 4447
3563 5338
5611 1614
4309 6287
6378 5455
5221 5805
6077 742
256 404
5156 3112
4555 2762
5575 2212
5389 5143
3869 5753
4704 3955
740 5233
396 6015
6007 4938
681 3854
394 1712
5049 498
3605 181
4519 4678
2217 4641
3829 179
6010 2269
1612 222
5139 3478
6364 4792
2433 2875
3503 3166
943 4349
4455 1092
3740 6482
1431 2415
6195 1046
3430 3576
887 2257
4339 3177
5387 1643
3274 6042
5136 657
1614 783
22 6149
4529 4544
49 5447
4357 2102
6004 5706
5362 2476
147 1050
5977 4378
5193 600
3730 4814
4414 2125
2979 4634
3763 1441
1536 3575
5437 773
3698 2419
5765 4460
6425 2641
968 5551
5544 2687
19 1751
3042 3657
1561 4466
1623 1083
1024 6474
35 4730
4598 1495
2583 2424
4745 3260
2359 3262
2219 2999
864 4930
4721 3704
1773 3098
4372 2793
3956 2047
2232 462
2684 2988
5995 6592
3942 5564
5816 5635
4258 5018
6606 83
4670 3929
6636 2296
1981 529
2090 3687
6309 1622
3696 6410
3723 4741
4733 1130
3424 5253
1897 4198
1622 4005
6057 1567
4369 2992
3636 1439
2085 867
4975 5997
65 2533
1181 2104
4239 4997
3260 4673
5401 3515
3465 4648
2723 2899
1765 2944
823 2682
4052 318
2201 2908
3719 2871
4025 2458
5673 2585
1882 355
2995 3167
354 809
6312 4953
5155 1777
6398 6571
2371 770
3257 1774
544 5006
5627 2824
5556 1273
1181 5943
1705 6602
3651 6175
444 1868
3445 4237
1750 2642
5227 5178
3764 2363
1828 5569
3010 1147
1773 5729
3925 1638
6007 4891
4319 3037
1041 4622
5447 2004
2371 3880
1754 3328
1710 5374
1710 280
872 2270
2443 735
609 2073
3312 2671
5369 4716
5078 3853
3776 4722
4414 3421
2819 3637
563 3641
3337 4536
5286 3974
438 3943
2137 5294
1981 6533
5701 2049
740 3100
3925 3695
1929 885
380 3205
1973 4238
5195 2496
6142 4867
4947 430
5930 2018
2345 4075
5915 5271
1298 5548
1902 3979
1974 6039
3674 1586
5528 5660
2920 2039
392 6047
5259 533
2225 5325
4008 2522
1473 6608
5611 3773
4267 2986
2021 4224
3740 1857
3965 4325
3410 93
2158 265
2655 6261
2324 6135
5676 4586
4187 1345
6012 2118
6155 3737
6275 724
1183 5002
2324 4643
3232 1781
3910 4996
5447 6304
5322 5186
3955 3584
682 2609
4539 881
865 2945
6258 5215
2345 1943
2515 5095
4471 6487
1750 5828
6241 5103
3536 5255
4016 2231
2413 5576
1399 3990
3395 68
5391 1730
4673 1768
6608 1946
3475 2468
5136 343
2146 4707
6306 2886
1046 2973
2277 4387
1091 3867
3539 4750
5371 6628
1712 6188
5606 1453
2413 1615
599 1722
1891 4718
4351 6625
4688 6392
5119 977
5913 3168
5357 656
1550 205
4165 2252
657 309
3981 6058
5152 6228
1935 2849
3980 4696
2219 778
305 3660
222 986
1567 3389
4587 4093
147 5598
4883 2660
1104 3028
449 1195
737 3850
2547 1568
737 2189
1082 4773
1453 2516
3613 6100
1779 69
5908 306
2534 3163
5509 701
6043 628
81 5776
2984 757
2920 3144
5463 2457
5915 5739
6592 3417
5445 5951
2052 4998
5621 3321
5028 4099
6473 1736
4726 5989
2684 594
4757 5558
3262 6427
6010 166
4531 4710
3843 3918
380 3511
4260 2326
2589 4966
3754 3171
3959 4613
4008 55
2464 6540
2094 1504
2805 2057
3911 2431
5388 5724
4895 1116
2714 3196
6565 805
957 2344
2819 2888
2280 3249
2779 4574
6043 4915
5102 4003
603 5410
3849 921
2826 6151
4244 4169
4278 947
1320 1446
6499 1873
5863 6576
1775 3297
1509 4053
3997 4659
898 3866
3480 5628
2789 4228
1925 289
6063 4793
171 2668
3632 1901
532 2748
845 5697
2625 6050
2387 1095
5541 3242
800 6496
2526 4857
2872 1650
3342 1397
863 237
3844 5205
4238 478
4044 5232
3843 2519
5669 2929
1323 410
2146 3102
5819 5129
2973 992
2085 2460
5334 2311
5855 1870
3867 1117
5103 1767
1420 2739
5673 4550
3125 3913
2855 5365
6617 1412
3795 499
5576 4370
6305 3495
1389 2974
1001 113
5427 3401
4641 1361
4797 3359
5834 824
2187 6079
5109 13
3426 5935
3696 4695
3197 5861
1584 4855
2496 3565
4185 5601
6071 1190
4915 4230
4519 1636
1339 5066
306 5882
6304 3030
1001 2397
3696 3673
3719 3801
2606 6644
4404 3301
2537 5147
3232 4889
2003 5536
3672 5904
2567 717
1882 336
204 1907
5773 5418
2365 759
5589 6179
1710 2194
293 1455
4628 6508
5597 4897
5970 5996
3921 1789
2032 38
2706 6492
4025 2971
2194 2278
392 4610
6233 3681
5205 5217
1730 330
5103 454
4918 5769
2010 4505
668 3743
3388 1426
2296 1954
692 1980
191 2209
6349 1067
171 6629
3260 3594
3144 3813
3986 704
1722 3627
5136 3488
2872 2764
4733 6464
3205 1434
3511 3020
1615 1540
2159 4312
3959 2785
5983 1156
5861 1246
588 110
2920 5682
2264 5330
2984 2281
3465 2923
1720 5848
3621 792
4586 2840
1308 2013
4450 1279
0 5258
6173 790
4739 6589
2869 3995
2118 3422
5969 6520
3427 6633
6464 2695
4125 1688
4008 3096
3486 2673
579 3780
1612 4242
6425 5894
3818 6440
6551 1005
5629 4837
1968 1917
2353 3219
5806 4952
1773 1648
6534 4546
3559 6437
6442 5893
3177 3093
292 6599
3486 1808
2359 2649
4785 5854
6312 3055
2888 2847
4132 1703
3394 3859
4778 3264
6063 5381
4629 4280
2112 856
3651 5529
2572 722
6364 1239
5880 1517
6352 2778
516 3589
2443 2170
1156 1715
5381 6272
6643 3836
735 6237
4528 2646
2583 4950
2871 2877
3439 903
4228 3221
6337 2881
3763 3320
2352 1330
2089 1603
6377 555
2032 3834
5087 5229
1536 315
5806 2236
6377 2115
3641 1967
3897 457
5621 1766
2844 2160
1005 2171
6612 1842
1195 6563
2988 4545
1841 602
6378 1113
4370 291
3932 5973
630 5952
69 3989
1509 2752
2896 3050
1317 3487
982 2080
5105 4289
959 2012
3629 1738
2991 3595
5693 4556
4539 1966
2345 1327
5657 3650
682 89
5445 4324
1441 1501
2148 1002
2338 5438
6551 5479
4224 3691
717 1415
891 858
2074 3330
5509 3603
1284 2308
1001 4789
4325 3200
3576 1691
5666 3938
4244 126
5665 4071
292 5599
4610 3326
330 251
6618 1820
3546 1605
2032 5295
125 3601
441 6134
3593 2405
1146 2452
4733 3092
5714 2182
2052 4463
1339 357
1525 4030
1307 1698
3856 5349
422 4266
5075 5059
2885 4700
5388 4920
21 5651
1472 5400
724 4752
5338 6104
5490 2750
3867 2275
6279 95
4086 4882
3584 4933
1050 5101
4142 6234
1375 3630
4760 2067
1042 4748
5549 6164
512 4662
6465 473
4016 2101
2039 892
5437 3013
3999 3582
3911 2788
1190 5487
4044 1482
1997 9
309 2523
3232 5268
5034 3863
5576 3284
1103 2654
58 5497
6213 917
583 1983
2324 275
1254 5179
2331 2184
5482 6215
735 6511
600 1886
4017 1391
3161 4433
4169 2253
6618 4853
3910 5781
1751 5212
2875 3248
6447 4581
5258 3969
1738 3021
6208 2483
3093 223
5897 2725
4791 3484
1146 4411
4358 4108
1992 6126
3849 3500
4933 6083
4873 5230
6467 3466
840 3246
3764 990
483 2852
1061 889
1297 5027
6473 880
6279 6160
5245 6373
3974 2092
2008 5578
3297 5615
980 2181
4997 2961
2651 3174
1453 2408
2468 1143
4853 6101
914 2536
3672 2327
6294 2749
6243 4907
674 621
3200 5809
3879 271
2900 5632
5642 5377
2468 3936
1873 6339
921 3343
1816 4979
1688 2462
1190 4029
5487 696
4868 1663
2004 2621
4805 2321
1104 2053
2583 2530
5989 253
3219 5176
3672 5887
6195 5340
4810 6207
5719 6626
90 149
2658 344
352 2783
2155 1706
5670 3960
2687 4689
840 1608
5962 4732
5205 4115
4827 4551
2750 3961
2232 6514
2370 5542
4883 3810
5371 406
656 297
1098 4050
5597 2542
1607 1812
4198 551
889 250
2779 2726
1375 6055
2727 5506
4689 4725
5711 2735
2568 2543
3438 3865
3249 6329
1698 3206
1138 3303
1430 2103
2352 5216
1482 5045
3428 407
650 26
2275 1572
1043 1155
4424 3771
4536 4456
5258 23
3423 734
251 5185
5330 193
3711 2925
1664 375
5461 3792
3055 2755
5897 4154
5674 92
2983 2839
297 937
891 3126
3021 4690
5578 4513
6039 3785
2725 700
2462 3821
4411 4290
2802 2574
3347 4954
4700 1591
3346 4094
5422 5563
5258 3482
2157 3333
3497 2394
5923 841
6024 6242
4325 3523
38 4731
80 3116
4284 5877
2973 3023
4428 3549
2392 6458
1530 4612
5628 3462
3636 4740
5719 6459
5872 705
4031 151
2029 4482
5472 3251
4873 1111
3374 6362
3087 4041
3291 5293
323 3788
331 6115
3397 3027
2163 2454
2280 1335
4897 811
3687 786
319 6527
3196 4680
3897 4027
1050 2207
1730 1699
5034 5166
6062 2846
3657 5521
4268 2981
67 6021
5805 1354
67 1260
3262 5090
2992 172
6240 3972
3552 4964
4081 6061
2115 2490
5365 2138
1301 2456
2104 1414
4514 4012
2833 389
5992 4999
6327 141
142 5201
780 3436
5028 6249
6052 4609
6492 3756
4635 3570
4725 6001
1104 3542
1847 1017
6239 556
5644 5467
3436 1888
149 5843
4784 3724
2651 2083
1720 1793
2853 1995
71 5594
5955 6469
516 5656
2752 3537
1768 1677
269 1674
3980 5559
1653 4820
5136 4177
3594 405
949 6382
6304 2731
5438 3019
3342 6187
2160 5654
2596 3889
4826 6521
5759 6423
949 2063
6014 4221
5940 2580
1815 4850
4663 5441
6599 243
5601 915
5973 5640
2788 1344
332 5650
2049 989
2927 5782
1751 6051
3200 6486
6600 3432
2065 5056
3910 359
2945 2455
5314 2544
1991 2744
5589 6244
5165 4481
191 5624
410 3000
2840 5802
2958 812
3925 4152
4339 3506
5078 5187
89 1040
2004 4755
1065 1575
5338 6630
2480 167
3167 1863
1954 837
6464 1321
2547 1027
529 3890
3810 1357
4087 1836
6462 2437
5793 3147
2156 3275
5706 3158
1710 1656
408 5063
4673 2916
3769 2554
826 6537
6644 2079
2553 771
2613 6170
1206 4672
5721 3498
5761 2720
98 4092
6466 1178
6586 6056
2948 3104
4081 2111
867 2001
2886 1390
2526 4262
1808 1003
6355 1711
5129 2367
1067 213
1335 1268
2002 2935
1833 1281
5924 1965
3897 629
6619 164
6155 1198
5527 4
455 5379
5739 2214
5482 1684
6608 61
1572 4215
5654 1350
5671 1123
2264 419
4075 2989
1985 1060
4267 2960
1092 4908
5233 4970
5621 4148
352 378
4823 6091
6367 2704
2092 6094
1445 442
3922 3508
2212 2831
1773 6429
6530 1129
3656 2355
2607 3749
3821 2808
4648 5010
392 5448
1709 2414
2970 3710
4031 6348
3517 2154
6074 1557
6576 1532
658 4699
2969 1719
2462 3799
6533 4816
3541 1549
1887 4796
2148 2391
3486 503
5548 3004
2464 5026
6077 2766
90 955
6301 2151
4003 3505
1779 2528
3274 1340
3732 2836
3943 60
780 1331
4531 6557
114 3369
2614 4085
6275 6116
468 4453
3197 1432
4806 4652
142 2745
5569 2711
4375 2878
1709 994
2515 5353
1808 6257
1549 386
1605 1680
4610 779
4015 2472
2667 976
4567 1436
1686 5081
2275 6567
399 3069
903 5790
232 4956
5242 2190
2282 540
89 3306
992 3915
2080 6477
2320 4935
4915 1018
237 5881
4882 5236
3989 1574
2156 4698
4287 3124
1051 638
2694 1599
2726 4727
366 4549
4189 5250
1503 1351
4267 874
5527 3433
6521 3238
2872 6005
3256 129
3654 5414
5923 1197
6098 429
1503 2910
1129 2856
1317 4343
6231 3760
6329 1252
1586 6346
3867 3790
6528 2040
4024 4479
80 1329
2564 1858
5390 1539
3829 128
3869 1429
2207 189
5781 295
4081 1964
280 2947
4883 3618
5400 962
98 4516
4731 2603
2526 294
3855 4520
4290 686
4858 524
3943 4457
5943 3622
4293 1262
1669 536
803 348
1549 3852
6241 5937
6606 663
4494 3371
2184 2791
2480 6417
2596 5731
5815 1304
5952 117
4810 497
6055 6276
3407 1378
3337 2980
3836 3874
2528 6167
1812 1542
5569 3562
883 1208
38 5771
4797 4589
3750 2059
141 4988
2900 653
1992 423
2285 4675
4030 4787
6447 6331
5802 4082
1195 4449
6612 3550
942 5914
1452 6103
418 6238
6156 41
5700 2007
5735 10
5771 390
1046 5348
6499 1054
5522 194
6224 5407
529 958
722 6278
1384 3348
3605 4206
1620 1144
4451 847
3863 1227
4551 3747
5018 1714
1077 929
2478 4701
2197 4582
2474 1910
6198 4098
2929 4626
343 3702
396 1093
4287 174
816 5974
2583 3538
4518 3095
642 2380
2068 3610
3050 2829
992 909
1993 4301
1641 5859
5221 6411
142 972
5148 5260
3922 5994
4277 4660
1054 3847
6175 5971
5637 2937
943 1316
2916 5593
1123 4436
2530 5652
6098 1795
2811 2678
2353 775
1549 3957
5324 3664
881 549
4636 3870
5187 4383
750 2375
4230 3053
4528 3714
5625 1692
929 1791
5260 3283
4119 395
6156 2017
5390 477
5654 3231
4643 3976
1575 5871
3154 4469
465 3
775 3377
1344 3429
1142 3535
3670 1740
2146 4403
696 3218
1430 1809
286 1274
3436 1107
3010 4786
5564 5350
1118 5530
3511 3588
4456 2813
77 247
2788 2000
6643 124
1050 5082
1926 4121
4250 1366
5324 6368
6508 1999
4743 46
1252 3493
2111 3728
2236 5513
4641 3420
1346 745
704 158
602 103
6331 3325
6320 4328
3867 490
5258 2924
1567 5987
4500 5375
352 2577
2243 3271
3814 2244
4429 3045
3275 4252
4915 5465
4543 1788
3681 1026
6567 504
3517 4392
902 5311
1018 3831
4820 4790
4400 3896
3051 3806
3843 2144
2942 5226
1260 1624
4142 4196
1195 5378
522 82
4853 131
1628 5874
2849 5207
1833 4923
522 6383
4268 3900
1148 3145
5714 3781
318 1914
309 2774
1677 3293
3023 3079
6101 2518
4913 6211
103 1934
1013 798
4581 2450
332 5712
3376 3644
5260 1986
4592 5818
3007 5478
6198 5372
3764 765
422 975
3660 572
4404 4264
5934 1367
2074 2754
4325 5142
497 5209
93 2830
798 6605
6243 6290
662 2064
1255 3520
2881 2590
937 5346
4266 1595
4790 4746
1820 4356
433 1959
1727 5620
1788 3809
3221 1193
1719 4207
6167 101
352 1637
1331 6256
3670 6029
3637 4815
3913 168
1710 4063
6092 5283
3897 5732
4022 2292
189 6186
5390 5796
1979 197
1307 1036
1512 624
455 3243
5558 5791
2687 2818
6412 897
791 1749
2003 1242
1235 2161
6586 6562
5312 3815
4385 846
5090 5767
598 2471
937 1904
867 5173
5127 5643
4168 4162
6224 4408
1145 4330
824 3073
2684 334
213 5747
1491 4620
4727 4813
2433 5850
5510 3097
5983 3988
2050 4937
5883 409
1946 888
5930 5076
2392 1238
6185 249
4678 2164
5102 4413
473 5963
3723 6480
3325 5580
1581 6139
3100 4623
2642 5484
3051 806
3627 1280
5092 5370
3801 973
1054 2268
5127 3046
3660 3755
2197 3746
1012 6274
5968 6531
3279 4077
1749 2795
3552 907
3050 954
5530 1580
3495 3235
1626 4251
5810 234
4710 2579
2756 2316
3964 3798
4267 4674
222 5356
1686 5269
1591 1961
717 2337
6367 1443
1285 5495
2533 5667
1583 1678
4923 4195
3 2901
2443 2956
1500 4298
4353 4653
1386 1552
395 5409
56 4103
5810 2599
2596 4065
2846 6168
5269 4798
2785 5879
2044 5661
6335 73
1465 5308
2460 2166
4930 4812
2925 3721
402 3861
1999 1881
954 2623
4165 3667
4592 3658
2845 5070
1264 377
2778 604
1098 2485
1736 2060
141 2488
5421 5950
1740 577
3346 4145
1973 6559
1352 3909
3902 4588
6283 4009
3806 2570
1480 3169
865 3766
4759 7
1103 274
3279 4415
2197 2636
1891 6566
2460 3123
3644 6542
2002 904
6272 3383
5216 2893
5930 4665
5650 988
2194 3048
5977 4655
6186 3300
6071 3753
1493 3655
269 6488
2725 4292
5848 4625
167 1885
6580 3082
5417 5483
532 6350
3232 2686
898 5481
2620 4379
4053 30
658 5452
1999 4136
1663 231
1345 5617
2048 5663
3374 4014
2799 5392
5884 3446
6214 564
4370 6250
783 1923
3760 4037
2171 6049
3053 2055
2312 5188
6029 1032
1935 3512
3144 4190
2875 6225
509 4350
3444 4894
1995 4504
6467 2573
850 4801
2776 5004
1013 2546
4935 3106
4555 712
3513 4028
2984 1611
6465 5820
5974 4571
2937 2578
6636 4023
2808 1884
5828 6642
6117 272
5753 5988
5697 4013
783 385
812 527
5324 543
454 3118
5312 2861
1884 1522
1723 472
22 4056
4108 1834
5166 1850
1891 4157
2749 278
5482 1232
957 5177
3932 3796
5422 6556
3123 4927
4610 4036
1648 6317
2055 1169
599 3134
4301 2286
2920 5025
3355 945
3027 6393
5791 5183
3995 401
286 1601
2896 3817
2284 4232
2942 2127
3603 368
2553 5734
2697 393
2156 1520
5834 3224
2490 3544
3900 1787
1274 3558
4325 2427
5666 4708
3694 2884
3468 4100
2695 6579
1390 5496
3682 2304
3195 3467
2433 813
5497 4271
4635 6522
5771 1187
2974 4989
888 6515
6028 1403
5934 2688
1789 3435
734 1364
3497 2617
4740 4944
1297 3692
846 4406
1437 3598
2696 1701
5041 6016
2802 2719
3931 2879
2355 713
2673 207
46 2650
1967 3103
1834 520
4732 1250
1874 821
5410 5149
5427 1408
4148 4713
2092 6102
4820 2663
2254 460
6576 922
3655 2451
2824 3044
4139 3273
4294 4018
46 1903
3725 936
4689 5531
6207 3361
6062 2777
1111 6645
6628 1196
278 5768
3769 5072
365 1076
2923 3441
4648 4426
2636 6292
6629 5198
2408 3483
5427 6387
2853 266
5737 4067
5227 2976
4290 675
6434 5655
972 1486
533 5310
3170 3920
999 1325
3532 6073
2852 5991
2849 2315
3920 5550
5268 1802
529 4758
6592 3180
2720 1521
3482 526
6211 3935
385 3018
210 1293
1956 1228
5374 3375
5227 5480
5381 934
3964 2524
6198 1396
3123 6066
2585 1097
5086 1071
3956 5571
6583 241
2470 2705
4041 4409
3125 4621
4451 3443
2574 5787
947 4617
6462 5108
6645 5546
4710 4963
972 3008
353 3510
2311 3924
4437 5984
3164 6476
2339 2645
2008 5065
334 938
5173 576
5660 4214
3911 1483
6362 1338
6021 4866
2158 6438
4636 6072
2678 815
2818 3716
4119 2775
1553 446
6168 5677
1280 1464
4387 2183
5337 2223
3811 6296
4955 2400
4437 873
6130 5698
6579 4535
4230 6354
3854 3265
6562 4984
4701 1373
894 5705
6407 4972
4270 1163
1638 6445
4996 5505
1636 421
4675 5239
3275 2191
700 679
1145 4687
1775 5077
6630 4049
2857 971
5771 6385
1389 6315
6312 417
4139 50
6116 4164
604 5784
3681 4560
375 2978
1469 4489
712 1234
4798 5359
1009 2821
800 3827
2542 5326
4164 3803
3820 4645
6429 2006
1522 6632
6544 3041
1326 4676
5427 1159
1466 2152
4751 3975
5551 6351
1079 6507
1929 1122
5051 5384
5065 296
1183 1645
4387 610
2055 788
4567 6118
4218 3316
1653 2868
6447 1899
251 3191
4558 2030
1925 6326
4581 3574
2583 2303
3794 659
1892 5794
1887 235
1304 2548
2060 1422
864 4236
1124 144
878 329
4669 6112
1104 283
2510 4969
2212 1748
449 4487
3199 215
2451 689
6258 5741
6208 4226
2668 4182
5221 5639
647 3876
3202 1658
3147 4073
4775 5168
3559 5799
891 5336
417 661
151 6402
2275 3699
4965 5758
6029 1598
6157 3977
433 3453
1860 5985
2190 1556
3936 5840
4052 802
3124 4446
6531 2325
967 1957
3776 3958
3013 5892
1390 97
2813 5945
205 4431
4952 3393
1536 2300
5570 6140
4267 4384
5193 3862
3264 3677
5437 2595
1997 6131
3760 1306
4895 1275
2986 2736
3396 2842
5521 614
1009 254
462 1269
3200 4297
223 4579
4336 4423
3588 4677
1251 1676
1965 2034
6225 1889
5108 1343
3677 2975
3861 1976
2585 3551
5937 349
2117 3507
2904 3472
4280 3247
5666 3741
2622 5552
2039 3748
5945 2902
504 2076
4411 1478
3810 5958
5102 5592
5129 2968
1574 3525
3674 6616
4652 6588
6134 4723
2000 4842
460 1102
1736 4314
2503 134
642 5234
5081 3833
4293 6081
4790 4976
3648 5690
97 547
2808 3531
6643 5363
5006 4203
6094 5454
5541 1468
6387 3752
2337 2843
3383 337
5625 5243
5063 4829
659 6413
1563 4724
60 4503
669 373
6329 3372
2727 703
1626 6431
959 4120
1749 5313
2553 3983
6284 5462
2464 866
5968 3567
6299 1372
2225 4515
4281 6163
2111 5030
225 3244
4445 643
6320 3564
3618 17
3517 6260
3975 4407
592 4671
2228 4548
4423 1202
3393 6059
527 4310
6021 226
2188 6399
3146 5692
3975 4396
5887 3838
1976 2165
2577 6119
6425 2120
4339 6454
959 3452
5229 459
2012 2175
3686 2922
3130 1185
6180 6582
536 3214
2199 6500
6629 2361
5066 500
1538 3619
4699 6404
3785 6386
745 2767
5689 4532
813 2681
4796 4658
6137 6143
509 3450
5660 5745
3811 2866
5283 749
1092 3891
3810 2377
3658 3278
1396 3789
4437 1475
3283 112
1414 4709
128 4878
1345 3919
1483 5494
4607 691
5623 1851
3687 3571
4262 4382
5420 6631
722 3173
367 2838
4090 6006
6103 4461
6458 1713
726 148
6417 1136
5093 3162
1619 6581
788 5237
500 1679
1886 212
2012 3349
540 4160
2068 3368
395 1778
4379 3701
6603 6578
2779 2597
4853 3592
1414 635
2065 4042
225 3261
3235 3611
4081 694
1709 886
4483 5116
2984 6099
4348 1940
5199 6013
4339 4749
5505 5343
3907 1132
3405 4951
2783 1895
3535 5134
703 5301
160 4269
1202 3288
2682 6321
5536 619
6130 4329
1655 48
3116 1998
904 5979
6394 3665
4475 2357
3855 3842
5165 6436
38 4901
4298 5770
1431 3885
1392 1498
2306 3678
2370 6111
2530 5200
4956 1972
4015 4163
1591 3323
6413 3400
2846 3841
1860 3137
5095 4248
4932 6409
401 3290
643 6096
4162 3690
5076 5284
2826 4985
4690 4261
3743 784
2774 3281
5065 2790
3092 2026
3956 3888
71 6570
4206 4852
1550 5905
6242 4860
1730 2193
2872 3991
675 186
4829 4525
183 3826
6171 5582
5805 5659
6488 1487
4813 4512
2802 4776
5438 1731
5407 1554
3977 5540
2939 6037
689 1342
4144 5839
3402 342
1953 6371
6378 1760
1392 4273
387 3449
4953 597
507 4940
6291 1014
2535 3308
2840 4611
252 3425
4969 1057
309 5626
1578 2129
3177 3068
1630 2028
1803 4272
3702 4380
6321 1519
713 2453
3130 601
652 827
3575 5823
4125 6452
5689 2950
2399 170
1017 4566
2096 5111
3400 822
961 4341
2344 2041
442 6323
3791 2229
1655 6067
408 2022
2824 120
1946 2918
1494 5219
3044 5785
4157 3039
2668 2245
4778 4599
3716 3406
5761 1134
5058 481
3811 4765
1680 351
4534 199
5382 842
1232 5071
1834 1590
6111 6150
5076 33
4720 450
3483 560
5880 6526
2227 651
4358 3720
3082 3360
3041 1063
3982 43
1791 1085
4623 1835
1063 6269
3118 5073
894 5762
3989 6463
2636 5228
1999 5941
5100 4697
2686 2088
1714 6252
2197 4057
5245 4836
6346 744
80 400
2245 905
919 2027
5183 6620
4358 5849
2326 562
1372 6093
355 1404
4996 2211
5258 4371
3748 3527
4975 3993
3641 4388
2748 4155
4813 2180
2694 931
4653 111
1539 2747
2901 2702
2992 4642
2920 3832
2530 5327
5644 5133
2308 6245
3983 6221
5216 3509
5065 6319
4603 5870
605 571
5719 3150
2057 1739
5455 6356
3582 4928
5343 1066
4752 397
3842 6223
4624 466
824 2078
3981 5838
6332 6193
3681 2056
4708 4995
4901 1218
3520 5515
1061 2691
5941 4864
1173 5261
5924 3341
4932 133
2104 807
4424 2323
2534 3266
2952 5827
2480 1987
286 3287
2109 4199
1097 2358
1227 4602
6335 876
2045 5342
215 4919
4893 5244
6104 1971
3256 1033
2589 1526
2923 5857
1676 1594
1872 4849
6544 211
2890 244
5871 236
2844 4368
2021 44
6209 4497
5417 4068
822 2428
4261 5079
567 5717
1553 612
5820 2114
3993 489
1468 5588
1414 5649
2503 94
3410 1814
442 2600
5983 5354
1755 4074
6004 4510
4745 3822
481 4454
5819 5249
1525 5990
961 752
5651 87
4057 930
1885 5939
2188 944
3721 1569
2152 72
2125 1936
2377 3208
4568 3578
1935 1394
2483 1310
3502 4772
2969 1049
3815 1034
429 2435
2980 2046
2284 3860
1730 3616
3372 2274
2619 5772
3261 2977
2630 1229
2764 5061
5529 2538
4504 5560
5635 2484
5100 2132
5445 1585
1241 5572
6188 3828
2683 3620
6037 5416
5060 3336
6539 5856
5607 1322
6454 5052
468 5366
2394 6421
5374 6569
4778 6547
5886 3022
5997 2351
6563 3119
3771 2549
4826 1639
1585 545
5216 4299
2980 1166
1889 3207
6410 3996
2083 2576
5721 1627
334 1370
6440 6360
6051 239
4500 2099
6356 839
1026 5900
5617 3054
2886 4308
5199 2267
3400 216
858 3183
1834 4066
4016 849
306 6087
2992 165
2532 4774
5377 1689
705 3040
2267 5779
1935 2529
5417 3012
5989 1278
4413 2343
5045 3765
2885 4683
6461 6641
3235 1031
6492 2301
2821 926
4428 6217
2813 3703
4028 1685
5095 4473
1614 3671
4136 3258
6438 587
3050 4828
2175 1496
2651 985
1114 6325
691 4440
3753 5708
926 1659
6464 1201
1699 4909
6312 3240
3451 2962
6093 3998
6280 6343
4827 1368
4757 2926
3771 1223
788 5252
1446 1811
4133 541
2833 398
5692 3585
841 5415
5923 5798
3509 1324
4431 4186
2726 1383
4663 774
3550 2070
5975 5319
131 5160
6050 4495
4670 6587
5955 5841
3050 965
3391 6491
3374 1044
1082 5518
178 4990
2625 4630
4853 5218
6530 5641
3795 964
726 6263
1338 5396
4086 6068
2212 5246
5707 1047
964 855
4407 3298
4157 5555
4616 5131
6140 5315
4815 3131
2663 1799
5265 2036
2502 4924
1124 2298
3190 2058
634 1457
1710 4088
5791 818
3960 2445
395 2807
2976 1332
958 6426
2288 5412
3265 893
2756 4064
6499 1010
2326 4524
5360 202
624 1898
4372 1418
4743 3318
209 2239
3559 6455
2191 3080
5595 6125
1173 1876
4663 708
4143 884
4689 356
1335 1576
3112 1089
1075 2604
5556 1878
1166 371
4708 4649
2036 5022
2775 5044
2992 2865
931 5585
567 3496
2171 2124
529 1916
4317 4401
5735 2894
2132 4565
887 3194
2950 680
1815 3812
1031 118
4953 6136
4328 764
4716 1313
6167 5636
5673 6159
1210 5321
4634 5220
397 595
4075 2661
3082 2656
2380 3857
4678 2835
530 2493
3372 4421
4655 4926
3432 6538
1496 5115
3686 3554
5389 4153
6052 2760
5416 3666
4014 3494
1495 2169
5088 3455
5505 5583
4672 3848
922 4542
4090 2588
2884 4862
643 4914
2627 6406
1208 5824
3388 5335
5422 1763
1730 5008
4652 6414
4791 4570
3376 1150
3517 4799
5324 5750
3678 246
95 1963
6092 3684
1429 6529
1340 3091
1402 1100
2060 4639
1636 4605
4005 299
887 1221
938 1690
4748 4245
3996 4191
331 1413
295 4346
1146 5289
3870 3878
3430 2708
340 2066
6232 685
3048 3031
2989 1506
6178 6574
2882 64
1293 2665
5907 2675
112 1263
81 2174
1397 6181
1976 2841
5963 5694
9 5728
5480 6336
1191 1449
4284 3286
3396 5638
2838 2964
5213 6443
1698 1456
1645 1167
4312 5241
5199 5842
5044 1665
898 432
577 214
4566 4365
3183 829
3989 2997
880 4967
306 1560
727 671
2083 6040
3460 6110
2378 4247
1344 1363
6296 6419
2544 3779
2401 3294
4543 5814
5022 5752
0 1735
4182 2260
1425 2356
3053 2466
5595 3904
627 5964
1857 2297
1791 3412
1577 1546
5220 3310
2947 2347
472 4026
5072 6121
892 690
6429 3056
6516 5033
6235 379
2069 2716
1191 4735
191 4780
4818 525
2870 2823
393 6169
3919 6011
2040 6558
5826 4095
595 4376
4729 5684
1741 5276
2472 2095
1794 3418
1834 910
734 137
4356 3442
3478 5272
1954 996
629 2134
3360 5430
3697 5764
6421 2555
5363 2494
4075 5386
5754 424
5744 5298
4041 828
3728 4679
1860 152
1096 1353
3611 5954
907 4295
5484 2729
4857 2794
2290 510
362 5345
67 2781
3820 6498
5857 1673
5745 347
3190 5927
5116 1312
5066 3707
2802 4416
5764 276
6098 4253
1679 6
4219 4978
3674 911
3363 5928
5819 1334
332 5862
1418 697
659 6114
4052 284
4760 3210
6582 5852
865 1348
6290 963
3985 1771
238 762
3755 3568
2682 2305
1630 1559
6423 4692
3400 3787
3171 109
3419 570
5392 5942
1648 135
1754 2263
6163 5024
4284 3543
4672 3448
3545 3722
3996 1879
268 3939
147 4112
2853 1176
3380 3560
462 2800
3630 6504
700 3447
3277 3456
2374 4833
3579 2592
4663 4501
1167 175
2312 1937
4265 1707
4564 5512
5187 640
2277 3354
1821 6375
6582 2508
3752 138
4732 5602
5342 1625
4745 2772
2358 2786
399 923
2791 3280
1415 4547
5582 6366
2103 6082
3648 2998
6586 4499
2470 4522
1239 1672
788 1086
4113 1588
2367 1941
1722 1406
1069 102
618 3077
407 298
4515 3366
944 4991
6267 4332
3677 3058
3921 2135
5656 1634
5597 4863
898 1827
918 2271
712 3132
1925 3800
3721 5685
1308 383
6463 2031
214 505
4384 4509
317 4322
6140 2887
5374 63
142 5803
5969 335
1372 4131
2447 4305
1902 2598
1102 2255
1041 2062
5293 2250
2189 2689
4773 5406
403 1947
4162 5154
3935 1806
4743 2005
1262 1216
4620 2461
2881 3708
3800 1515
6249 3533
3031 3668
921 1479
1550 920
2670 558
1925 1666
6528 5837
3709 3954
1357 2294
1638 4158
5296 5502
529 1019
6116 1708
545 5074
4849 3458
1324 644
1308 2943
6173 107
4372 3530
3091 4981
822 1476
5837 1302
4915 5612
4689 3029
207 3625
4343 814
735 6078
6014 192
1932 4233
2777 1661
330 6064
1472 766
3279 1924
657 2
1522 6577
5984 797
4882 4234
3552 3474
4581 2873
6156 1996
4567 6226
1910 5696
1745 1272
4304 702
5522 139
3897 154
5128 198
2076 5450
1095 456
6231 5181
2115 51
599 3099
2707 730
2338 5919
2668 5704
842 5457
2199 6148
2865 924
4848 5795
3796 1616
5071 4931
5745 4345
3796 3122
1331 1072
4814 2676
4190 1604
3747 1975
6623 1038
1050 6023
4888 1328
3041 6089
6402 5547
4950 3485
153 5525
5213 3884
5168 4959
2171 2860
4403 1337
2744 3761
926 3136
3709 3624
1878 5573
3579 2409
6345 763
1619 2864
5188 3569
4951 4438
3026 4803
2327 906
5209 6646
3256 3331
827 5869
2976 177
2592 1537
1537 6408
4894 5864
4451 646
959 3071
2228 1011
3232 3187
6398 1617
3716 573
4692 4767
5234 4807
4510 1471
4351 5720
2316 6266
5066 6084
399 6489
5602 3521
3412 5925
6507 5738
4119 4877
5360 4072
1932 4327
5794 5040
1498 427
342 2220
215 613
2540 513
1003 5068
2621 4051
3531 2672
3301 5318
6592 99
467 6391
3118 4694
1522 4259
383 3606
4648 993
3730 5263
226 1028
3467 2867
1689 777
1553 2949
1886 2015
5617 3941
4626 6610
4885 447
6336 1400
4995 2196
2188 2850
5705 4419
1181 6196
4629 832
6609 324
6461 76
126 493
5497 2810
2795 2581
2375 3254
408 1179
3664 6201
4501 1564
4883 2407
2263 5473
2052 1854
2549 1458
2537 5110
6438 4394
1218 1154
1719 6614
3830 2768
3788 1073
1435 772
1375 121
5346 5553
4712 1165
3464 3470
6084 561
2952 1570
5401 6144
5324 2425
4284 4892
2576 979
1599 123
6064 2449
5181 548
139 3411
4828 2238
6000 6517
5412 6065
2187 4691
1072 5668
924 1454
3541 4530
1828 5846
6137 2664
6036 2318
2745 1825
4437 861
2364 2730
1089 5264
3887 1893
3967 719
1727 2105
6005 3253
2638 2421
6294 5956
2503 6017
6217 4373
2831 3548
5994 1374
305 6561
5096 5680
2855 4061
838 4490
5972 5210
5152 6519
4907 6108
6533 2218
867 2372
6407 1149
3325 5710
5326 6318
5735 2501
3243 1421
3657 208
4290 2033
4582 4176
990 5451
5810 5557
3068 718
1863 1277
6491 2928
3123 4983
5967 3663
2623 3356
3271 2422
2290 2715
2890 3382
5199 6384
1879 4800
3538 3005
644 4879
1643 2322
1455 4102
803 1988
702 104
5059 5032
2013 1890
372 242
1009 589
3460 106
4094 1020
5518 951
6616 1865
6447 6330
4801 54
3672 5533
3603 4835
4704 5037
5061 2685
5386 3322
387 4703
1628 4575
4956 6255
1972 1068
803 2690
5437 4418
5410 2700
4047 633
3290 2204
5879 3230
6235 4149
3190 6470
5939 6002
503 1030
3307 2662
5859 1915
2507 5287
2264 1866
3183 2402
3422 4554
5226 6433
199 4110
4345 1358
777 3413
4983 939
1671 29
4534 2185
949 1846
1676 1222
5712 1756
5490 870
1114 86
2719 6357
1947 3339
265 3259
6056 683
2711 5080
4269 3364
5693 4768
3568 5050
6557 5106
2719 6432
3985 3003
1282 5344
3087 1839
3164 5403
957 4101
4031 1783
407 6388
4148 1037
276 6035
4826 2061
3867 4874
5100 426
4304 4498
4395 6095
3536 1359
3752 5520
3955 3717
305 1533
570 4922
704 3032
5879 623
4690 4360
1795 5411
4497 4540
5849 5584
4008 6550
2155 4006
3603 511
2790 12
2112 1657
4692 4508
839 5865
4208 3057
5997 3646
2184 1613
126 6471
103 3061
2435 3233
1928 2233
4491 1008
4139 1231
3889 4229
4044 2128
1545 1410
3294 6122
489 2566
3211 3898
4858 2938
2526 3945
3754 6032
1455 5537
642 5901
4149 5122
2885 3652
3087 1188
3976 1109
2126 1283
1412 3775
2311 391
120 5162
1387 5811
6095 3111
4236 6031
1719 1120
599 1292
4750 4217
2284 6322
985 5235
4787 4870
6551 2652
1364 5323
6082 3966
2203 5980
2174 2011
6361 2293
298 4762
4047 5535
271 3688
5721 2905
4605 5069
2551 4444
2137 5285
477 4249
805 5419
995 3927
3586 4958
5475 4347
6645 451
3425 4123
6490 6230
944 2205
1672 1880
449 1696
3095 2406
6224 4035
3293 2827
526 721
5553 6379
4164 804
5259 3784
4590 3255
4186 6190
3710 6422
2739 471
4991 5789
4166 3952
6222 1215
5490 5019
4608 5297
2926 5514
2015 3403
5984 3583
433 1982
4176 5982
5401 4618
268 1419
6408 4111
4837 1160
1024 4076
500 2822
5219 5137
5731 2796
4602 1610
417 4684
1034 6090
3594 5662
2522 2666
4355 2202
441 1200
1425 5786
3771 2862
1889 2640
209 2897
5024 5526
3359 1052
2658 6177
524 3282
1538 2133
5312 5172
5566 617
6309 3580
661 2914
5370 3385
3071 6347
73 2389
4226 6390
6432 4987
3208 3735
2047 485
147 2168
2063 4517
5402 5332
1339 4811
4852 3178
6507 1474
5663 1856
1986 1642
5698 1214
5811 5622
3595 4080
4865 1960
2365 5203
404 4194
407 3733
3106 5538
1709 2710
3016 4410
86 3083
2776 4738
5904 1401
6152 5920
2873 3153
4136 933
2893 2122
2356 3334
6639 6545
4521 4150
4008 2954
1711 1485
3747 1786
4829 3819
4801 1562
4924 1174
3932 1948
1764 2511
1846 5444
3791 2525
1026 3767
5072 5238
2650 6271
748 932
2918 2208
6 5408
6 5440
4735 1507
1727 5432
2729 5094
50 6113
5629 217
1771 2531
2879 3693
3407 3718
6402 6262
1669 3782
1571 1490
6487 3519
5284 1822
5146 2561
342 4010
4353 2698
1135 5208
3594 119
1469 1796
3748 3078
6332 4719
2278 6219
4979 2131
650 2140
3860 1906
1264 2539
6388 2957
5211 5196
2824 1951
2833 5270
4677 5832
317 5035
5184 2495
3451 1377
2567 6229
696 1566
2308 1662
3543 1004
1163 2820
2796 2177
955 4682
4150 360
774 3357
2230 6428
807 2889
2275 760
2867 6153
4403 6624
4100 4432
3298 2721
823 2179
2118 6453
5229 2584
4900 1797
3721 2440
3620 5290
1218 6418
2789 259
5552 1438
2188 4861
5440 4135
3400 4442
4397 4638
4403 4705
1755 3489
1053 1589
3731 6300
6071 2362
3368 928
5127 4654
6003 218
1002 3156
2152 176
4351 539
1193 5047
889 4886
4763 664
5218 5189
4860 1168
5147 2891
5588 6444
1829 553
2133 2249
6455 5493
1886 5532
2277 3473
2318 1427
1616 720
4608 1035
2707 1629
6113 4734
3007 1333
3131 3404
5050 5723
6222 6034
4701 4212
2666 1746
3253 4361
2456 5132
664 2492
449 5801
681 3683
5808 1652
4725 534
4056 3135
886 782
3527 1470
5417 5424
5520 6505
6551 5009
4733 6363
1666 2751
6604 196
5411 1243
3337 2741
2572 1407
6001 140
3420 6613
4049 361
1611 3883
5696 2946
2846 6479
5540 4819
4463 3617
6261 517
4116 768
209 5431
529 4903
2129 2307
1745 5435
4792 848
4889 1015
1035 2091
2090 5144
5304 895
6465 5888
5070 3948
6505 6637
4239 5394
1368 6189
1616 2262
3502 248
3287 6316
4041 2906
3205 3434
5474 882
378 4631
6087 5425
530 4856
690 5262
3151 688
603 3014
3673 3612
183 1801
1466 853
6249 4887
4825 711
1580 5191
52 6022
101 3591
2408 1141
6437 2936
1605 3770
6137 32
4978 844
6507 4492
3083 5902
1974 4126
4239 1541
4457 4430
2620 6027
2600 2701
2741 4769
5166 3440
3054 480
5321 767
2095 2265
5264 4197
5354 1758
4673 1757
3868 3727
2211 1528
2271 1219
1479 2426
2691 350
4327 3772
3737 2934
4954 1724
5639 4583
1590 4595
6468 554
5937 4043
4594 495
5802 4584
1967 4316
3379 2563
99 6060
3076 4847
4343 3933
594 4225
5037 5055
1739 2259
3203 5683
3004 5960
5070 381
6306 1527
6366 4335
4920 5524
3135 2996
5081 4001
5734 1984
5790 1006
2298 615
5165 2591
5133 1362
3836 3786
1916 1752
4914 5687
2684 322
2917 5204
356 5309
4293 6202
5651 6369
119 4668
5338 2911
5632 2967
4212 4412
2390 6585
2318 6254
4790 6549
2979 5126
4005 3329
5269 4467
3257 6146
2533 2771
2664 5780
5772 184
1232 3454
911 6165
2470 6308
850 4804
445 5182
94 1919
4092 6176
1149 1654
4300 585
4288 607
6099 1955
1425 338
4370 1189
4365 1683
4528 5376
289 310
1268 2571
5387 4364
4531 3808
3056 1770
6279 6070
5442 1128
1054 3645
3627 1256
3301 6416
787 6025
5552 2770
5239 425
1351 6607
5375 6552
4926 5089
5337 2611
5683 5730
3787 15
2820 5046
3418 714
838 1385
5795 5829
2596 5993
4947 4486
2701 5756
4191 42
5728 1516
2725 3108
1887 1877
2109 2804
2804 301
3252 5429
2961 574
812 2349
3856 1266
280 5804
3727 3501
5295 4402
6622 3269
781 2582
2148 5647
1750 5740
5653 1804
3232 2393
1546 2637
5694 2959
6444 4597
3438 738
3265 1276
1363 3840
2958 2475
5049 3201
2696 1170
2829 4946
2115 1810
3650 2550
3671 981
5107 5038
3967 4033
4011 1913
6522 2782
3669 3335
5907 3387
164 5164
152 4220
3907 3481
880 3984
5528 6553
5034 5648
323 820
2598 5749
2681 116
1607 753
5136 5001
973 1126
4 6401
4088 2692
3874 341
652 3220
1463 4038
704 4216
4253 6297
2668 6397
5814 2335
6110 542
3589 130
2518 1729
4531 5909
1729 4275
1758 2143
2060 5161
4985 2247
2117 1499
2478 5675
1626 2141
4044 2955
5890 470
4461 4002
5892 2176
1613 6601
6052 1462
1567 4122
167 2142
1854 5889
1348 1970
5668 1380
6600 758
526 4821
3785 4254
3723 3633
2773 70
6122 6640
874 6365
2140 1244
2958 4577
1612 1896
778 3296
6349 4039
4819 1687
4797 1535
153 3712
4683 5112
5254 3516
5465 6289
1360 5167
1803 4060
6201 4323
6112 2195
2668 5916
3702 4363
1996 3365
5371 4084
2774 616
4075 4118
46 79
5818 4091
805 5807
4267 4173
4419 3615
5384 1416
6036 4434
16 5949
3091 374
4214 5821
2778 3292
4327 1477
5241 1186
4090 5091
2607 2473
5425 5275
380 755
5909 4650
3330 3744
2217 6197
5585 4651
2688 1058
2799 1055
6029 3626
992 4315
3255 5333
4290 5586
4304 6192
1519 6591
1206 1226
4270 3184
3166 6483
5420 6457
1367 2933
5324 4737
4065 6046
2265 1217
5908 484
513 1869
5254 6341
3921 901
5913 1121
1565 4845
3012 3528
5816 1938
2151 3002
4517 4884
6351 4993
553 5118
5974 3875
4199 6184
5677 2633
4930 5453
6325 5645
3900 3152
5620 3228
5422 1958
1149 4200
6297 1233
5402 2915
520 575
6361 2149
454 1609
5112 761
6418 5926
4311 3873
1177 4333
5671 5953
5576 6282
6368 4129
1910 4593
1838 4286
766 6634
303 4756
2568 6076
5909 4838
4306 678
4355 6503
3695 5174
6126 3978
5793 2436
4461 3370
2733 2448
3355 4896
6624 3285
3178 3314
6301 6218
2638 3729
6323 300
1872 3270
6137 997
1542 1152
4680 785
2786 6513
935 5031
1868 5048
5563 4939
6326 3912
4959 5456
6325 5610
740 1518
2981 3774
1426 6227
4967 3930
5482 2940
6325 416
5075 145
548 1
3984 2272
2915 1062
3423 3661
4883 3085
4867 4957
1188 5777
377 3245
824 6324
5568 5352
2161 4562
5563 6501
5544 4188
4124 4059
4214 1192
5892 5476
4621 2162
5432 2224
3307 3573
2046 5709
3867 4971
1262 1296
3098 2594
1658 482
2531 1261
6269 5825
1278 240
5263 5885
5285 4702
5637 5005
650 3490
2119 6203
1787 6635
4891 1395
6471 6597
4186 2874
4126 2769
4004 5860
124 162
4068 1635
5557 3758
4442 3094
2924 751
2001 6154
4269 684
6605 4109
3142 1447
83 2261
3031 2237
2249 1508
5201 3415
1285 5508
3767 4715
4160 3129
1071 3738
3049 4843
1403 227
2463 2383
2508 4844
4041 6493
2595 190
723 3892
4784 333
6643 4906
142 2381
2273 5358
1243 4880
4793 4526
2513 1459
4213 5097
1535 4572
1471 155
806 6536
2866 2348
5372 1602
5525 3614
5400 5519
1662 4980
4106 464
2031 2038
5429 4523
500 854
3500 4585
6173 3212
1522 3893
2936 725
4821 5399
5798 4573
4927 3088
616 1695
2055 1818
4747 2863
473 2037
4154 5775
4711 4644
2462 1867
2600 729
749 5498
2491 3816
2805 2241
3137 1305
1628 4795
2156 5157
2808 5672
1876 3491
4572 4393
1608 4779
3078 5367
381 2680
3103 4809
1157 136
6460 4045
1404 925
638 230
3314 1237
2790 2283
4067 4452
4965 2618
6118 5760
3509 3109
6260 5895
3071 5012
4485 5831
2948 2024
5381 3949
4203 2014
6519 1978
4289 3623
177 4854
1369 2147
3178 6247
1118 1918
3970 739
3357 6475
5803 4235
3664 5320
1709 2279
2196 3034
5861 6389
3029 2587
3598 2396
489 2234
2426 519
5535 3599
519 3469
164 3534
4575 3324
4298 4477
5049 5278
4799 5307
5094 1817
405 978
1815 6286
1487 5169
4900 6448
5660 5163
1479 6590
6354 1702
2143 1315
1320 1164
315 4614
5400 388
1453 1199
1798 3373
4319 5466
667 5171
2711 5501
2646 1864
5771 5084
232 4202
3300 4391
1119 3268
12 2441
1220 4321
671 2634
4532 5999
4528 3886
827 3398
1560 6380
4262 3353
476 6478
1086 1734
4317 4782
4010 5822
2889 1693
3619 5013
3190 434
1976 5347
1217 6495
3281 5339
5031 4472
1093 3250
1737 5715
419 1365
5950 2631
874 4770
5452 6403
3554 1257
2166 3837
4463 4633
4380 1728
3318 4929
1518 3062
5930 5703
6146 998
2770 474
2037 2314
128 3524
638 4830
4428 645
5076 5471
718 3916
5597 2242
4308 6212
6537 1021
5787 2145
661 281
1215 496
1519 2479
6052 4808
1498 2376
5994 2429
5548 4910
5950 1511
371 4960
4989 1074
730 3643
5970 3160
6029 3186
4819 2248
2238 3555
4139 5393
3045 2717
753 611
295 1950
4570 2123
2012 851
6508 4839
5160 5851
2933 436
2794 2420
2755 1497
1228 5280
2884 2892
2705 6424
3207 6038
4526 2216
996 6594
3884 2941
4784 5931
6590 5485
2804 5742
3301 5428
4412 143
624 1184
4122 5222
2964 1139
5795 6018
5864 3344
4562 5397
6064 5755
5842 5459
4174 440
2482 1205
451 5029
6232 5614
2088 4761
1063 1106
1617 3086
1887 584
1145 5516
934 1314
5215 5159
2190 3463
6438 1832
3772 3352
4364 4058
6485 3327
3605 188
3957 2130
4374 631
3232 4664
3978 3705
5497 3529
5175 261
6299 1341
3880 1303
3648 3390
574 3059
5367 5057
6423 5385
3906 2042
3861 5873
1161 1909
3683 715
5242 3835
6207 5688
5159 5460
1383 4771
1881 3009
5600 3305
6116 2828
5004 4128
5114 2251
1520 569
5871 879
2955 6314
342 6524
4886 5998
6491 5054
246 5470
4516 4962
2866 3392
4844 1844
869 6430
4587 6573
2830 4916
2062 1180
1400 31
168 1424
1955 6372
2771 85
4258 831
1067 4354
6197 3381
5629 5866
5451 2628
3355 706
2967 4104
1449 2653
3424 1162
5047 2287
5404 345
230 641
6178 1761
1272 3063
2654 6205
778 4553
1542 2814
584 3315
2275 2226
1416 2382
4128 3222
1033 636
43 4427
4493 2469
3820 1379
6421 1579
2935 5443
2434 4533
6038 6596
4074 3608
5063 3858
2553 1213
2561 2780
6559 5797
950 2110
1310 912
6462 1311
911 3121
191 586
5478 6248
3691 1548
4752 4552
1803 5458
1010 4871
4911 1194
1849 1318
3888 5
1955 5891
6232 1927
2843 4302
4259 5240
6296 5130
765 5433
3300 6638
4394 4693
5765 307
1445 326
1620 808
2274 415
2120 5619
1566 5000
184 6174
4741 6555
3947 313
1699 3362
4408 825
4396 2699
6110 5023
4196 5423
4582 754
6212 6615
4835 4736
5158 6194
1884 494
4356 6333
2410 871
5338 53
22 6265
4327 3642
3847 5121
1719 608
1906 2319
447 3751
3753 229
6178 448
473 4279
5395 3209
1012 1056
2020 1016
1078 5713
5699 3679
6389 4905
1358 3566
2140 1807
6283 4097
4581 5202
5198 3060
2165 3745
1079 5170
409 2167
438 1931
937 5351
3559 3492
5793 1022
6573 1933
1114 5274
2881 2113
2513 2379
6061 899
4600 6342
6355 4781
3102 18
2799 1732
4967 5507
2147 328
2382 2266
2428 3499
393 3457
4089 4942
3530 2043
1672 2442
4853 2500
4845 3065
844 3067
2247 793
1030 2097
6522 3662
3171 1826
6164 2912
839 3237
5100 122
3973 2398
4939 5017
1536 5021
4035 1592
5109 5153
1925 4898
3940 3386
6096 2222
4919 3479
2405 14
234 2439
6633 1582
2398 1224
6388 1347
3023 3540
825 2081
2192 2200
5192 4134
4752 2859
6452 2309
4769 5812
5872 2384
714 6246
3545 1632
1474 3358
6217 5938
3441 5117
4430 2354
3481 5292
3382 3223
5840 4318
4750 34
5114 5499
2573 1409
6401 1090
5535 4934
1322 983
4664 1681
4790 5449
3544 2172
3044 6053
4506 5500
6614 2883
5161 2330
1833 2334
1054 6484
5726 5604
2633 2329
629 4178
5886 4606
1864 5251
4967 1048
1487 3217
5678 3105
1978 1505
3133 6303
5926 5135
3343 578
2624 2025
6148 2153
4107 5948
1797 182
1863 1212
4120 550
4219 648
2468 1376
3258 413
232 5015
5172 2295
4542 698
1826 875
5642 5844
1337 862
1667 5341
2489 4470
3527 321
4862 2087
4262 316
3950 4742
5498 5413
1143 3994
605 2816
3162 4766
1383 2565
5784 4601
3792 1300
5860 3189
5057 4079
4999 2467
128 521
1384 3777
6345 4032
5256 4443
1221 4227
4988 66
6244 4359
4827 1670
3287 3345
6590 5836
5003 1288
6149 4137
482 3074
6226 47
2020 5605
5407 1127
64 843
3583 3128
5456 6307
4789 2395
4467 1203
4365 4231
398 836
3129 5224
3771 1225
5975 4559
4318 4661
4680 4561
4091 2895
3101 3917
2469 1717
5993 6172
3345 4511
3873 2035
1663 2674
125 2009
1257 3309
6514 3899
6159 5446
5608 5561
4609 156
3179 1267
3686 940
9 1259
3835 4596
4052 796
167 3052
3818 1994
4346 3514
4429 2276
4999 258
5631 96
3616 5774
4651 2848
4299 2246
66 6107
582 2107
3223 1131
2985 5016
4119 4872
1357 3084
5866 435
4464 439
5409 6030
3538 5609
1452 4326
5706 3547
2613 6512
2886 916
305 2093
734 100
1150 637
2901 2629
5261 4484
4421 285
4461 2612
6197 1573
2343 660
3275 382
359 3140
5357 4331
5190 4646
4795 5328
4911 6441
558 452
307 2569
388 2639
3146 6288
2248 5062
4036 1543
5833 431
2922 5104
5268 5405
476 3416
3208 4902
3698 6450
5424 6109
5687 2446
1589 5722
1635 5562
3595 1668
6457 255
2704 5944
2704 2432
599 4151
2510 3175
3517 6435
2672 3647
2555 4840
1511 2913
118 5053
2816 3075
2567 20
5109 4802
3663 108
1468 5486
6288 3143
4072 2258
1333 4541
2734 3204
2931 5125
4202 1647
1386 3304
4920 2742
322 4627
5281 4344
2130 2509
4770 2520
2422 6358
5389 1023
3430 1355
5855 2898
2768 6105
1966 6494
3385 2608
2608 6595
6042 4048
4429 5043
4686 5933
5083 868
1022 2082
2134 1855
5009 5543
4958 6133
6586 4034
197 596
2537 2792
4300 5426
5578 1294
4757 2610
2436 6080
4272 1411
3206 37
3549 5922
5782 695
2667 4138
6180 4817
3684 566
6524 2289
4651 3680
946 2753
5012 4578
4382 2505
406 2951
481 6598
3833 991
1781 5929
1542 6158
2161 2593
6331 4147
4804 3797
2620 3762
1043 6088
5964 1531
3922 6405
1850 5331
2092 1442
753 1596
4804 2990
4390 593
6310 1819
4141 3739
6451 4240
2292 746
982 743
1227 834
4354 2876
1226 5658
2528 3229
6587 4538
2882 1349
5510 810
3973 1289
4915 1286
612 2071
1655 1871
3013 4291
2998 4994
3688 1716
2358 2444
4221 3115
4200 3926
1958 4714
5784 1388
681 3064
2853 1606
2246 3706
620 3951
2436 1101
5013 5151
3467 535
1331 4640
4809 3778
3013 5434
5944 1451
2806 6145
920 3317
5941 4222
2189 3804
3744 1209
4635 523
4675 146
3603 969
3335 1211
2452 5910
1791 3148
6380 3120
5050 1249
4061 6568
4746 5817
3951 3526
4674 5981
1827 1393
3892 6129
3527 3628
4898 1800
2375 4282
4957 6161
2026 6446
2889 2907
290 3851
3715 2514
671 2313
4424 1087
6259 3001
5702 3649
4679 27
23 860
4063 4307
445 670
60 6472
5819 3962
1487 5788
1362 835
6266 5534
1333 469
6436 5581
2470 6439
3431 794
6463 1646
4172 3437
3840 900
2338 5664
3040 974
1341 590
5121 6124
6360 1510
6493 6449
2876 2416
6027 4459
2137 3823
1005 3607
6196 463
1371 2310
6114 4201
2203 5590
54 1299
653 4000
868 2430
2622 312
2980 557
3926 1700
3891 2116
3459 6132
4182 1207
4672 6054
2968 5123
19 5978
5710 3367
355 6541
5249 6543
933 3117
3357 4462
1671 1782
5425 1813
2857 4822
875 3928
684 1733
2413 676
6488 1488
351 6166
2326 257
3082 127
1074 2677
2603 3903
1050 1484
3666 1862
2263 3905
5354 492
4531 5488
3059 2615
529 5579
915 2919
3781 5965
3626 486
2673 2679
446 5257
4032 6415
4578 3241
2942 4183
2395 6554
5298 4352
496 639
1461 1502
6313 4465
1020 1115
89 3198
3214 6293
1309 3596
6528 4246
2950 1529
1027 376
6548 2632
809 1558
6386 6381
5705 4046
4608 4211
1797 36
4394 2341
510 4982
5995 2784
2928 4209
4479 833
5673 1784
2589 6420
4820 4557
2964 5878
1768 2740
41 5757
6195 2644
6300 1621
4293 927
174 1444
1052 625
3325 4569
3389 4096
4999 2299
5709 1523
5115 2100
4532 1597
2962 1534
1611 4114
3508 655
185 3384
1767 2350
3706 6182
5807 1270
2359 5317
5657 6277
2150 369
2630 5503
392 488
3460 2851
1323 2317
4026 1440
948 859
6363 5383
859 4175
695 3193
6201 4417
6315 665
5333 3825
3303 4941
1161 4706
951 2812
1815 5306
6567 1805
781 4362
517 1977
3472 4753
1866 1070
5434 4925
1425 1245
4273 2854
3880 1945
4860 5763
1971 1110
5674 1633
4939 2527
1591 5517
5723 2481
1674 2404
6160 1039
3886 5299
1006 4340
1280 2403
1063 3639
3616 3968
4106 1600
5626 1287
2408 4078
96 5273
530 1064
3803 952
5896 913
3286 3319
2981 2987
1806 6302
2850 2240
2387 62
3075 1319
3426 273
4408 288
2308 2797
6342 346
4265 6216
1846 2373
4044 776
1608 1843
2766 3659
5234 412
6615 5596
4540 88
5238 1382
811 2497
5807 1743
855 3414
1497 2809
4934 4580
2454 428
6565 3471
294 2815
1640 5291
2986 3807
5844 2643
3211 5247
1356 1000
6436 4744
1020 2459
5393 5567
5302 4127
4447 3609
2816 2616
5593 2075
6018 3597
4886 4496
2623 6506
110 263
5798 6206
4962 4717
3347 6075
3686 1524
2906 2499
5055 5618
1503 2932
289 3793
3415 4156
2499 6456
4878 475
6201 1790
6331 5835
1205 3311
5745 3640
261 2825
6030 4563
6387 518
4332 2366
5864 3845
6168 819
436 5214
2194 5875
4939 5748
5150 4948
2445 1108
4808 6147
6486 852
1194 3227
4276 4576
2630 6033
6611 5778
2830 6273
1028 6340
2276 2626
5324 4256
5832 1428
5643 6481
1227 4285
2547 308
4390 4831
3283 1253
2706 4386
4722 4754
2629 5373
2363 987
6419 626
2007 6560
315 5194
5566 4441
5018 3877
3678 105
4313 5946
1058 5316
54 2486
6356 2559
5178 3110
1226 3864
4503 6191
4580 1088
2564 228
1874 4223
527 3378
3355 2369
2749 537
5279 4968
6447 5305
5871 4647
2470 3477
5926 1247
4211 3934
4756 339
1129 1912
4745 3239
6022 6502
845 3340
153 5947
5004 6523
5299 677
1455 2669
516 4204
5990 4992
5279 5042
3170 2051
1625 531
4504 6069
2887 5725
5723 3141
2151 5099
6622 2982
5978 2560
4178 5504
6310 3408
5832 649
3100 5957
3943 6338
345 5140
275 2333
4066 3225
2125 2718
471 1240
861 4069
5394 2993
485 3006
3892 4405
1976 5936
6459 6525
2780 2084
4499 3971
1541 707
1006 3638
3943 4181
6034 1631
5563 1291
570 1990
4094 2438
3463 3236
2059 2966
5855 960
6394 2517
3093 1823
5069 1140
4745 2763
2939 24
5075 28
3560 4783
826 1969
5360 3522
5282 5630
880 458
5113 1381
4856 857
4234 666
3961 2136
4127 6295
4400 6123
5795 267
2459 2418
4118 3276
3931 2713
2995 2412
6643 219
6587 3350
475 264
144 4334
5979 6251
3010 4788
5289 40
1924 6532
3732 3216
2194 3089
3880 221
6529 5364
395 5145
1068 437
163 1875
4496 966
3394 180
993 5587
3307 6510
3248 2737
684 817
6364 2206
516 1900
2274 3872
1308 5489
3436 5288
5043 4070
4762 3338
6219 2758
1107 6344
1197 3882
6338 2417
1980 5746
3092 3127
3089 5398
3661 4875
3886 1921
6153 6200
3244 5686
4905 789
6398 3011
2227 4117
3756 4912
184 3409
5390 568
3500 4179
1797 1417
4209 1593
3964 6298
4614 6220
3960 262
5118 4921
3910 277
2889 4399
4166 1848
1967 4019
3922 3289
6217 1492
6276 3081
3315 747
1446 3072
733 1762
6248 1962
5802 3351
2936 1840
3812 5565
4316 5681
1323 4527
3184 830
5833 5523
788 6311
5472 115
1821 2121
6356 4055
2194 3713
5002 287
4945 2930
1687 2693
1098 5966
567 732
6391 4851
2066 282
3718 1776
1112 3881
4495 3963
1400 1467
2172 4422
4732 1660
4620 3914
1063 3783
1731 169
4788 716
51 1158
1296 3824
1707 4961
3821 2465
4179 890
4158 559
2194 2139
4743 1908
6590 2487
4361 1920
3322 5868
5875 1182
2397 1514
237 1939
3256 4468
6340 4398
2984 4366
45 5011
6236 2801
3961 6210
368 2703
512 6497
4102 1837
607 4171
1800 528
152 2291
5532 2759
4871 3176
5483 580
2015 5329
2869 5783
1278 1792
2556 956
449 1824
938 756
2223 4841
34 501
4063 2963
369 2562
1911 3215
4559 411
5107 4420
4122 2016
6012 6264
2675 4040
6499 3299
10 5545
4893 2302
2260 1989
6145 1059
6115 479
4018 5679
31 552
2348 2903
4223 1105
6361 4296
3241 3839
4413 161
5991 1618
5975 5361
2092 2368
4672 3155
3903 4728
5875 3090
2440 3182
457 201
4722 1230
6206 6535
5112 364
4253 3181
3974 4263
1047 5727
1542 1930
146 363
5939 2722
6207 3634
2700 5206
3914 6359
1590 3188
600 6045
3021 4619
4713 1460
2848 74
5879 314
5054 4917
6515 1649
3993 3602
155 5691
4843 4974
5493 6575
5261 3138
6575 5917
5532 6106
1309 2712
259 5380
5823 3734
5192 2360
187 3036
2363 2909
1590 4881
3260 2601
5968 5911
4444 5921
5309 3894
888 6627
3660 1133
1677 1099
2448 4020
733 709
4220 1725
2920 3172
5319 3572
5276 3901
1586 2798
1503 2746
1195 84
247 2743
66 2552
2556 4834
2034 622
2125 2803
4692 3033
2023 2657
199 1753
5496 2575
3772 5830
848 1175
4267 6008
5915 4488
2641 3600
101 5277
6073 3700
5524 1025
749 2019
5586 5098
5470 6281
5977 673
923 370
3869 2738
3371 5225
1132 3923
3428 970
733 3047
1447 2858
4129 6204
502 693
6116 6085
5245 2545
5248 4507
1315 1448
130 5468